x = 5
y <- 10
15 -> z
a = x + y
b = x - y
c = x / y
d = x * y
2^3
a = 22 %% 7
a = 20 %% 3
a = 27 %/% 3
a = 22 %/% 3
flag = x > y
flag
x = 1 : 10
x [5]
x = 101 : 110
x[6]
y %in% x
102 %in% x
my_list = c(4,3,4,56,78,100)